1 0.18697385910500666
2 0.20714806710430345
3 0.227364185110664
4 0.23327615780445968
5 0.23477266228195598
6 0.23764068955691692
7 0.2376547602106162
8 0.23927252060244386
9 0.24163357912648892
10 0.25951219512195123
11 0.25951219512195123
12 0.2599609919197548
13 0.2602033709430283
14 0.2602033709430283
15 0.26027588128744605
16 0.2600334448160535
17 0.26027588128744605
18 0.2605182502089719
19 0.2634214186369958
20 0.2634214186369958
21 0.2634214186369958
22 0.2634214186369958
23 0.265
24 0.265
25 0.26496319955561726
26 0.26496319955561726
27 0.2654449534916007
28 0.2654449534916007
29 0.2654449534916007
30 0.2656857301499167
31 0.2668886114578999
32 0.2668886114578999
33 0.2668886114578999
34 0.2668886114578999
35 0.266629711751663
36 0.266629711751663
37 0.266629711751663
38 0.266629711751663
39 0.266629711751663
40 0.266629711751663
41 0.266629711751663
42 0.266629711751663
43 0.2663894663894664
44 0.2663894663894664
45 0.266629711751663
46 0.266629711751663
47 0.266629711751663
48 0.266629711751663
49 0.266629711751663
50 0.266629711751663
51 0.2668698905362339
52 0.2668698905362339
53 0.2668698905362339
54 0.2668698905362339
55 0.2668698905362339
56 0.2668698905362339
57 0.2668698905362339
58 0.2668698905362339
59 0.2668698905362339
60 0.2668698905362339
61 0.2668698905362339
62 0.2668698905362339
63 0.2668698905362339
64 0.2668698905362339
65 0.2668698905362339
66 0.2668698905362339
67 0.2668698905362339
68 0.2668698905362339
69 0.2668698905362339
70 0.2668698905362339
71 0.2668698905362339
72 0.2668698905362339
73 0.2668698905362339
74 0.2668698905362339
75 0.2668698905362339
76 0.2668698905362339
77 0.2668698905362339
78 0.2668698905362339
79 0.2668698905362339
80 0.2668698905362339
81 0.2668698905362339
82 0.2668698905362339
83 0.2668698905362339
84 0.2668698905362339
85 0.2668698905362339
86 0.2668698905362339
87 0.2668698905362339
88 0.2668698905362339
89 0.2668698905362339
90 0.2668698905362339
91 0.266629711751663
92 0.266629711751663
93 0.2663894663894664
94 0.2663894663894664
95 0.2663894663894664
96 0.2663894663894664
97 0.2663894663894664
98 0.2663894663894664
99 0.2663894663894664
100 0.2663894663894664
