1 0.19249862107004964
2 0.27959358550618185
3 0.33432767324460766
4 0.3495123865037552
5 0.3559510567296996
6 0.3607490964845033
7 0.38004291845493565
8 0.3803088803088803
9 0.38128804870233896
10 0.3822212747814965
11 0.3819052687599787
12 0.3824752158618484
13 0.38270293242668935
14 0.3832908163265306
15 0.38389632462290213
16 0.3842228364873485
17 0.38340425531914896
18 0.38436205248061195
19 0.3847708178240987
20 0.3845007451564828
21 0.38389433319130806
22 0.3842878433042368
23 0.3839523252101734
24 0.3849585723390695
25 0.3839864075607943
26 0.38410877416613554
27 0.3846644010195412
28 0.3857975622681505
29 0.3861732584031386
30 0.3860021208907742
31 0.3857491252253208
32 0.38562645749417
33 0.3857900318133616
34 0.38590532795584803
35 0.3858568698237418
36 0.3859388275276126
37 0.385718839655722
38 0.3854576379292017
39 0.3851552530837941
40 0.3850324226639736
41 0.38678844519966016
42 0.38687061822817076
43 0.38682952734997345
44 0.3866652510882259
45 0.3866652510882259
46 0.3873711066227278
47 0.3874534821903243
48 0.38719285182427404
49 0.3872752420470263
50 0.38735766734064064
51 0.38748137108792846
52 0.3875638841567292
53 0.38760515387072736
54 0.3875638841567292
55 0.3875638841567292
56 0.3879007349025455
57 0.3878594249201278
58 0.3879007349025455
59 0.3881487797079825
60 0.3881901513536559
61 0.3880597014925374
62 0.3881010768738672
63 0.3879291959906163
64 0.3878878345239365
65 0.3878878345239365
66 0.3877507469056765
67 0.3877507469056765
68 0.3871794871794872
69 0.38722085692915914
70 0.38722085692915914
71 0.3871794871794872
72 0.38726223552041034
73 0.38708987923479754
74 0.3869174861051732
75 0.38695884553714593
76 0.38704159093339036
77 0.38704159093339036
78 0.3870829769033362
79 0.38695884553714593
80 0.3881649220252083
81 0.388034188034188
82 0.3881171190425305
83 0.3881171190425305
84 0.3880756491078106
85 0.388034188034188
86 0.3881171190425305
87 0.3881171190425305
88 0.38815859784118845
89 0.38820008550662677
90 0.38820008550662677
91 0.38823529411764707
92 0.38823529411764707
93 0.38823529411764707
94 0.38823529411764707
95 0.38823529411764707
96 0.3880277926242651
97 0.3880277926242651
98 0.3880277926242651
99 0.38793195677757575
100 0.38793195677757575
